>> % Q1
>> A = [21,32,14,8,6,9,11,3,5;17,2,8,14,55,23,19,1,6;41,23,13,5,11,22,26,7,9;12,11,5,8,3,15,7,25,19;14,7,3,5,11,23,8,7,9;2,8,5,7,1,13,23,11,17;11,7,9,5,3,8,26,13,17;23,1,5,19,11,7,9,4,16;31,5,12,7,13,17,24,3,11]

A =

    21    32    14     8     6     9    11     3     5
    17     2     8    14    55    23    19     1     6
    41    23    13     5    11    22    26     7     9
    12    11     5     8     3    15     7    25    19
    14     7     3     5    11    23     8     7     9
     2     8     5     7     1    13    23    11    17
    11     7     9     5     3     8    26    13    17
    23     1     5    19    11     7     9     4    16
    31     5    12     7    13    17    24     3    11

>> B = [2;5;7;1;6;9;4;8;3]

B =

     2
     5
     7
     1
     6
     9
     4
     8
     3

>> inv(A)

ans =

   -0.0170   -0.0077    0.0359   -0.0179    0.0305   -0.0630    0.0582    0.0265   -0.0425
    0.0228   -0.0041    0.0254   -0.0598    0.0936   -0.0762    0.1315    0.0280   -0.1285
    0.0734   -0.0035   -0.1454    0.0865   -0.0916    0.0543   -0.1357   -0.0816    0.2575
   -0.0246    0.0322    0.0370    0.1761   -0.3644    0.3726   -0.5171   -0.0355    0.2323
    0.0076    0.0129   -0.0045   -0.0549    0.1040   -0.1261    0.1724    0.0229   -0.1020
   -0.0011   -0.0017   -0.0183    0.0414   -0.0315    0.1036   -0.1514   -0.0374    0.0989
   -0.0357    0.0170    0.0590    0.0343   -0.1353    0.1378   -0.1372   -0.0214    0.0404
   -0.0406    0.0292    0.0492    0.1608   -0.2512    0.1879   -0.2872   -0.0617    0.1331
    0.0548   -0.0508   -0.0860   -0.2465    0.4929   -0.4472    0.6613    0.1184   -0.3164

>> X1=inv(A)*B

X1 =

    0.0933
    0.3841
   -1.2857
    0.0580
    0.0493
    0.0382
    0.2905
   -0.4883
    0.5828

>> % Q2
>> [dim1, dim2] = size(A)

dim1 =

     9


dim2 =

     9

>> [L, U] = LUcalculator(A, dim1, dim2)

L =

    1.0000         0         0         0         0         0         0         0         0
    0.8095    1.0000         0         0         0         0         0         0         0
    1.9524    1.6514    1.0000         0         0         0         0         0         0
    0.5714    0.3048    0.2247    1.0000         0         0         0         0         0
    0.6667    0.5996    0.4910    1.0246    1.0000         0         0         0         0
    0.0952   -0.2072   -0.3371    0.0046   -1.1718    1.0000         0         0         0
    0.5238    0.4084   -0.3430   -1.6101   -2.9945    1.6818    1.0000         0         0
    1.0952    1.4243    0.6327    2.2333   -1.4168   -1.2830   -0.7508    1.0000         0
    1.4762    1.7669    0.3145   -1.7193   -3.5746    1.6217    1.8093    0.3741    1.0000


U =

   21.0000   32.0000   14.0000    8.0000    6.0000    9.0000   11.0000    3.0000    5.0000
         0  -23.9048   -3.3333    7.5238   50.1429   15.7143   10.0952   -1.4286    1.9524
         0         0   -8.8287  -23.0438  -83.5199  -21.5219  -12.1474    3.5020   -3.9861
         0         0         0    6.3141    3.0582    9.9043    0.3673   22.9341   16.4436
         0         0         0         0   14.8070    7.9966    0.2013  -19.3608  -10.3948
         0         0         0    0.0000         0   17.4688   20.1832  -11.1936    3.3285
         0         0         0   -0.0000         0         0  -20.8012   10.9883    1.9667
   -0.0000         0         0    0.0000         0         0    0.0000  -84.2266  -35.4390
    0.0000         0         0    0.0000         0         0   -0.0000         0   -3.1609

>> Y=forward_subsititution (L,B,dim1, dim2)

Y =

    2.0000
    3.3810
   -2.4880
   -0.6142
    4.4903
   13.9359
  -10.2622
   20.4759
   -1.8421

>>  X=backward_subsitution(U,Y,dim1, dim2)

X =

    0.0933
    0.3841
   -1.2857
    0.0580
    0.0493
    0.0382
    0.2905
   -0.4883
    0.5828

>> % Q3
>> norm(X1); norm(X)

ans =

    1.5745

>> RelativeError = abs(norm(X1)-norm(X))/abs(norm(X1))

RelativeError =

   5.6412e-16

>> % Q2 (problem2)
>> % change a_0 to 0; b_0 to 2
>> Main_bi

result =

  列 1 至 8

    1.0000    1.5000    1.2500    1.3750    1.4375    1.4062    1.3906    1.3984

  列 9 至 16

    1.3945    1.3965    1.3955    1.3950    1.3953    1.3951    1.3951    1.3951

  列 17 至 20

    1.3951    1.3951    1.3951    1.3951

>> %p2 Q3
>> x=[0,1,2,3,4,5,6,7,8,9,10,11,12,13,14,15,16,17,18,19]

x =

  列 1 至 16

     0     1     2     3     4     5     6     7     8     9    10    11    12    13    14    15

  列 17 至 20

    16    17    18    19

>> y=[2.4868,0.3566,0.6974,0.0816,0.1572,0.0433,0.018,0.0128,0.0025,0.0054,0.0014,5.3504*10^(-4),6.467*10^(-4),1.4102*10^(-4),1.4102*10^(-4),1.4102*10^(-4),1.4102*10^(-4),1.4102*10^(-4),1.4102*10^(-4),1.4102*10^(-4)]

y =

  列 1 至 9

    2.4868    0.3566    0.6974    0.0816    0.1572    0.0433    0.0180    0.0128    0.0025

  列 10 至 18

    0.0054    0.0014    0.0005    0.0006    0.0001    0.0001    0.0001    0.0001    0.0001

  列 19 至 20

    0.0001    0.0001

>> plot(x,y)
>>
